
Standard Deviation of Contagiousness_Score: 40.11

A	C	D	E	F	G	H	I	K	L	M	N	P	Q	R	S	T	V	W	Y	Other	Contagiousness_Score
6000.0	6000.0	6000.0	6000.0	6000.0	6000.0	6000.0	6000.0	6000.0	6000.0	6000.0	6000.0	6000.0	6000.0	6000.0	6000.0	6000.0	6000.0	6000.0	6000.0	6000.0	6000.0
372.34	509.19	256.14	265.91	523.43	359.57	321.01	509.0	472.79	1195.36	214.44	453.91	287.43	365.38	479.5	750.56	664.89	633.02	203.82	427.72	7.02	28.47
95.66	127.09	86.7	62.98	62.92	87.96	41.61	70.17	63.48	325.99	93.16	38.42	28.5	39.47	76.72	50.76	33.51	87.66	60.71	79.77	26.41	40.11
242.0	272.0	112.0	169.0	433.0	222.0	226.0	417.0	394.0	853.0	111.0	380.0	241.0	311.0	310.0	632.0	594.0	521.0	91.0	318.0	0.0	1.0
259.0	468.0	133.0	192.0	460.0	233.0	314.0	436.0	403.0	883.0	115.0	402.0	252.0	324.0	459.0	702.0	622.0	550.0	191.0	331.0	0.0	3.0
374.0	486.0	289.0	269.0	474.0	393.0	330.0	567.0	498.0	1239.0	285.0	467.0	290.0	393.0	477.0	720.0	671.0	657.0	207.0	396.0	0.0	9.72
392.0	633.0	311.0	271.0	589.0	422.0	362.0	578.0	520.0	1636.0	302.0	471.0	304.0	404.0	549.0	803.0	677.0	672.0	259.0	507.0	2.0	27.94
535.0	639.0	357.0	383.0	599.0	470.0	374.0	600.0	569.0	1648.0	349.0	513.0	336.0	426.0	558.0	814.0	728.0	784.0	265.0	516.0	893.0	125.14
